      0/99     2.23G   0.05917    0.0151   0.02292   0.09719        36       640    0.4211    0.1119   0.07937   0.03408   0.07131   0.04837   0.02428
      1/99     3.47G   0.04715    0.0145   0.01572   0.07737         8       640    0.4437     0.187    0.1379    0.0712    0.0735   0.04356   0.02105
      2/99     3.47G   0.04566   0.01464   0.01413   0.07443         2       640     0.342    0.1922   0.09936   0.04341   0.07128   0.04639   0.02146
      3/99     3.47G   0.04454   0.01434   0.01345   0.07234         8       640     0.398    0.2062    0.1449   0.06427   0.07608   0.04116   0.01989
      4/99     3.47G    0.0428   0.01449   0.01242   0.06971        11       640    0.4869    0.1865    0.1718   0.08506   0.07427   0.04177   0.01923
      5/99     3.47G   0.04168    0.0148    0.0114   0.06789        20       640     0.441    0.1977    0.1686   0.08211   0.07076   0.04162   0.01843
      6/99     3.47G   0.04039   0.01449   0.01091   0.06578         6       640    0.4109    0.2111    0.1909   0.09216   0.06912   0.04282   0.01753
      7/99     3.47G   0.04004   0.01493   0.01006   0.06503        23       640     0.567    0.2284    0.2311    0.1174   0.06672   0.04434   0.01633
      8/99     3.47G   0.03977   0.01489  0.009728   0.06439        21       640    0.5073    0.2565    0.2323     0.114   0.06682    0.0434    0.0167
      9/99     3.47G   0.03951   0.01471  0.009562   0.06377         7       640    0.5705    0.2638    0.2772    0.1338   0.06736   0.04136   0.01545
     10/99     3.47G   0.03919   0.01451  0.009112   0.06281         4       640    0.5355    0.2573    0.2286    0.1206   0.06589   0.04183   0.01584
     11/99     3.47G   0.03902    0.0145  0.009143   0.06267        34       640    0.5323    0.2739    0.2523    0.1292   0.06461   0.04315   0.01534
     12/99     3.47G   0.03853   0.01445  0.008804   0.06179        27       640    0.6343    0.2695    0.2955    0.1649   0.06412    0.0426   0.01514
     13/99     3.47G   0.03818    0.0144   0.00866   0.06124         7       640    0.6961    0.2932    0.3068    0.1526   0.06313   0.04358   0.01455
     14/99     3.47G   0.03824   0.01465  0.008088   0.06098         5       640    0.6697    0.2809    0.3235     0.161   0.06132   0.04522   0.01396
     15/99     3.47G   0.03791   0.01463  0.008017   0.06056        16       640    0.3733    0.3969    0.3072    0.1547   0.06068   0.04437   0.01338
     16/99     3.47G   0.03795   0.01454  0.007929   0.06042        30       640    0.6257    0.2863    0.3136     0.174   0.06072   0.04461    0.0133
     17/99     3.47G   0.03758   0.01466  0.007459    0.0597         5       640    0.6068    0.2907    0.2912     0.152   0.05955   0.04561   0.01345
     18/99     3.47G   0.03736   0.01454  0.007341   0.05924        30       640    0.4159    0.3399    0.3089     0.173    0.0585    0.0457   0.01289
     19/99     3.47G   0.03729   0.01471  0.007229   0.05923        17       640    0.6078    0.2794    0.2974    0.1627   0.05868   0.04544   0.01285
     20/99     3.47G   0.03742   0.01457  0.007184   0.05918         5       640    0.5938    0.3124     0.341    0.1981     0.058   0.04527   0.01228
     21/99     3.47G   0.03706   0.01453  0.006957   0.05855        12       640    0.6533    0.3297     0.351    0.2007   0.05767   0.04409   0.01245
     22/99     3.47G    0.0368   0.01474  0.006992   0.05853         7       640    0.5965    0.3665    0.3672    0.2159   0.05811   0.04495   0.01194
     23/99     3.47G   0.03669   0.01438  0.006876   0.05795         7       640     0.683    0.3387    0.3654    0.2038   0.05544   0.04725   0.01267
     24/99     3.47G    0.0365   0.01461  0.006843   0.05795        25       640    0.6842    0.3214    0.3606    0.2045    0.0557   0.04763   0.01266
     25/99     3.47G   0.03667   0.01468  0.006679   0.05803         5       640    0.7399    0.3648    0.4222    0.2379   0.05536   0.04614   0.01162
     26/99     3.47G   0.03619   0.01464  0.006169     0.057         3       640    0.6228    0.3933    0.3881     0.219   0.05566   0.04655    0.0116
     27/99     1.94G   0.03628    0.0148  0.006275   0.05736        36       640    0.6783    0.3583    0.3854    0.2388   0.05421   0.04661   0.01207
     28/99     3.32G   0.03635    0.0146  0.006206   0.05716         8       640    0.7555    0.3979    0.4472    0.2621   0.05561   0.04579    0.0113
     29/99     3.32G   0.03615   0.01443  0.006172   0.05675         2       640     0.698    0.3642    0.4109    0.2348   0.05642   0.04406    0.0111
     30/99     3.32G   0.03609   0.01445  0.006023   0.05656         8       640    0.7231    0.3952    0.4349    0.2558   0.05491   0.04519    0.0115
     31/99     3.32G   0.03591   0.01454  0.005665   0.05611        11       640    0.6706    0.4349    0.4539    0.2801   0.05435   0.04606   0.01108
     32/99     3.32G   0.03562   0.01468  0.005699     0.056        20       640    0.6267    0.4437     0.485    0.2908   0.05458   0.04504   0.01089
     33/99     3.32G    0.0354   0.01435  0.005589   0.05534         6       640    0.6002    0.4163    0.4666    0.2704   0.05471   0.04541    0.0111
     34/99     3.32G   0.03533   0.01486   0.00531    0.0555        23       640    0.5954    0.4071    0.4519    0.2663     0.054   0.04569   0.01068
     35/99     3.32G   0.03529   0.01478   0.00518   0.05526        21       640    0.6305    0.4392     0.475    0.2919   0.05457   0.04479   0.01088
     36/99     3.32G    0.0351    0.0147  0.005227   0.05503         7       640    0.5785    0.4992    0.4977     0.298   0.05353   0.04482   0.01036
     37/99     3.32G   0.03527   0.01468  0.005075   0.05503         4       640    0.6616    0.4338     0.502    0.3048    0.0535   0.04453   0.01066
     38/99     3.32G   0.03515    0.0147  0.005285   0.05514        34       640    0.6779    0.4218    0.4983    0.2974   0.05299   0.04442   0.01089
     39/99     3.32G    0.0349   0.01472  0.004999   0.05462        27       640    0.6337    0.4661    0.4879     0.293   0.05086   0.04627   0.01035
     40/99     3.32G   0.03481   0.01467  0.005142   0.05462         7       640    0.6881    0.4578    0.5248    0.3218   0.05091    0.0461   0.01027
     41/99     3.32G   0.03468   0.01498  0.004851   0.05451         5       640    0.6783    0.4531    0.5169    0.3188   0.05115   0.04569  0.009896
     42/99     3.32G   0.03438   0.01488  0.004505   0.05377        16       640     0.576    0.5139     0.518    0.3206   0.05099   0.04497  0.009992
     43/99     3.32G    0.0342   0.01485  0.004561   0.05361        30       640    0.6424    0.4715    0.5165     0.313   0.05092   0.04525  0.009783
     44/99     3.32G   0.03406   0.01488  0.004376   0.05331         5       640    0.6555    0.4493    0.5191    0.3119   0.04991   0.04533  0.009826
     45/99     3.32G   0.03406   0.01482  0.004348   0.05322        30       640    0.6076    0.5001    0.5272    0.3283   0.04959   0.04572  0.009457
     46/99     3.32G   0.03403   0.01498  0.004276   0.05328        17       640    0.6785    0.4262    0.5161    0.3145   0.04843   0.04633  0.009229
     47/99     3.32G     0.034   0.01492  0.004234   0.05315         5       640    0.7332    0.4877    0.5554    0.3396   0.04843   0.04589  0.009391
     48/99     3.32G   0.03357   0.01473  0.004053   0.05236        12       640    0.7392    0.5049    0.5611    0.3499   0.04797    0.0463  0.009131
     49/99     3.32G   0.03345   0.01501  0.004173   0.05263         7       640    0.7283    0.4858    0.5613    0.3468   0.04738   0.04615  0.009237
     50/99     3.32G   0.03344    0.0147  0.003991   0.05213         7       640    0.6527    0.5631    0.5731    0.3577   0.04754   0.04635  0.009353
     51/99     3.32G   0.03325   0.01492  0.004029    0.0522        25       640     0.686    0.5594    0.5833    0.3518   0.04692   0.04679  0.009181
     52/99     3.32G   0.03333   0.01501  0.003938   0.05228         5       640    0.6243    0.5652    0.5894    0.3726   0.04667   0.04662   0.00893
     53/99     3.32G    0.0327   0.01486   0.00363   0.05118         3       640    0.6728    0.5065    0.5959    0.3863   0.04676   0.04659  0.009097
     54/99     3.32G   0.03303   0.01488   0.00382   0.05172         4       640     0.769    0.5397    0.6247    0.4139   0.04616   0.04683   0.00858
     55/99     3.32G   0.03328   0.01478  0.003929   0.05199         7       640    0.6886    0.5504    0.6249    0.4169   0.04595   0.04702  0.008748
     56/99     3.32G    0.0329   0.01481  0.003697   0.05141         3       640    0.6673     0.576      0.61    0.3971   0.04582   0.04667  0.008447
     57/99     3.32G   0.03295   0.01483  0.003727   0.05151        21       640    0.6777    0.5759    0.6086     0.396   0.04507   0.04711  0.008473
     58/99     3.32G   0.03301    0.0149  0.003634   0.05154         8       640    0.7144    0.5348     0.608     0.399   0.04478   0.04749  0.008371
     59/99     3.32G   0.03292   0.01472  0.003663    0.0513         6       640    0.6032    0.6183    0.6194    0.4038   0.04459   0.04735  0.008639
     60/99     3.32G   0.03256   0.01458   0.00348   0.05062        20       640    0.6545     0.595    0.6212    0.3993   0.04452   0.04777   0.00865
     61/99     3.32G    0.0325   0.01468  0.003489   0.05067         8       640    0.7646    0.5284    0.6345    0.4184    0.0446   0.04771  0.008508
     62/99     3.32G    0.0325    0.0147  0.003588   0.05078        13       640    0.6937    0.5907    0.6565     0.433   0.04489   0.04769  0.008826
     63/99     3.32G   0.03242   0.01493  0.003325   0.05067        16       640     0.647     0.623    0.6396    0.4195   0.04488   0.04771  0.008871
     64/99     3.32G   0.03229   0.01446  0.003272   0.05003         4       640    0.6268    0.6141    0.6552     0.431   0.04471   0.04791  0.008723
     65/99     3.32G   0.03223   0.01447  0.003331   0.05003         3       640    0.7606    0.5374    0.6383    0.4178   0.04496   0.04756  0.008671
     66/99     3.32G   0.03211   0.01469     0.003   0.04979         5       640    0.7164    0.5866    0.6444    0.4223   0.04465   0.04777  0.008502
     67/99     3.32G   0.03175   0.01423  0.003058   0.04904         5       640    0.7207    0.6077    0.6491    0.4274    0.0444   0.04783  0.008217
     68/99     3.32G   0.03176   0.01439  0.002955    0.0491        29       640    0.7289    0.5912    0.6413    0.4184   0.04422   0.04781  0.008123
     69/99     3.32G   0.03143   0.01439  0.002919   0.04874        15       640    0.7376    0.5952    0.6467    0.4257   0.04399   0.04799  0.008021
     70/99     3.32G   0.03124   0.01439  0.002918   0.04854         7       640    0.7264    0.6009    0.6553    0.4303    0.0438   0.04829  0.007999
     71/99     1.94G   0.03117   0.01461  0.002544   0.04833        36       640    0.7257    0.6023    0.6561    0.4345   0.04376   0.04847  0.008121
     72/99     3.32G   0.03097   0.01435  0.002517   0.04784         8       640    0.7293    0.5997    0.6575    0.4323   0.04351   0.04862  0.007998
     73/99     3.32G    0.0308   0.01422  0.002476   0.04749         2       640    0.7737    0.5749    0.6588    0.4318   0.04349   0.04876  0.007945
     74/99     3.32G   0.03072   0.01429  0.002595    0.0476         8       640    0.7522    0.5862    0.6625    0.4315   0.04342   0.04888   0.00796
     75/99     3.32G   0.03062   0.01423  0.002222   0.04707        11       640    0.7114    0.6092    0.6653    0.4336    0.0433   0.04904  0.007755
     76/99     3.32G   0.03044   0.01436  0.002225   0.04702        20       640    0.6066    0.6794    0.6822    0.4486   0.04308   0.04923  0.007641
     77/99     3.32G   0.03008   0.01403  0.002258   0.04637         6       640    0.6145    0.6815    0.6861    0.4569    0.0429   0.04928  0.007545
     78/99     3.32G   0.03006   0.01445  0.002045   0.04656        23       640    0.6059    0.7241    0.6892     0.462   0.04276   0.04932  0.007521
     79/99     3.32G   0.03006   0.01433  0.002003    0.0464        21       640    0.6729    0.7016    0.6949    0.4664   0.04271   0.04927  0.007643
     80/99     1.93G   0.02878   0.01418  0.001532   0.04449        36       640    0.6583    0.7172    0.6955    0.4649   0.04257   0.04924  0.007698
     81/99     3.32G   0.02864   0.01388  0.001492   0.04402         8       640     0.722    0.6649    0.7001    0.4668   0.04237   0.04938  0.007626
     82/99     3.32G   0.02843   0.01373  0.001395   0.04356         2       640    0.6753    0.7062    0.7011    0.4691   0.04224   0.04954  0.007574
     83/99     3.32G   0.02831   0.01377  0.001414   0.04349         8       640    0.6773    0.7057    0.7058    0.4689   0.04218   0.04961  0.007586
     84/99     3.32G    0.0282   0.01373  0.001275   0.04321        11       640     0.679    0.7057    0.7128    0.4733   0.04208   0.04971   0.00754
     85/99     3.32G   0.02806   0.01385  0.001286    0.0432        20       640    0.7693    0.6503    0.7141    0.4724     0.042   0.04978  0.007492
     86/99     3.32G    0.0278   0.01355  0.001368   0.04272         6       640    0.7868    0.6413    0.7159    0.4746   0.04193   0.04978  0.007482
     87/99     3.32G   0.02778   0.01398  0.001198   0.04296        23       640    0.7235    0.6876    0.7193    0.4761   0.04185   0.04982  0.007475
     88/99     3.32G   0.02783   0.01388   0.00125   0.04296        21       640    0.7381    0.6834    0.7201    0.4784   0.04179   0.04986   0.00748
     89/99     3.32G   0.02918   0.01403   0.00184   0.04505         7       640    0.7452    0.6807    0.7278    0.4837   0.04168   0.04981  0.007518
     90/99     3.32G   0.02924   0.01393  0.001726    0.0449         4       640    0.7426     0.681     0.723    0.4813   0.04158   0.04976  0.007525
     91/99     3.32G   0.02916   0.01385   0.00183   0.04484        34       640     0.727    0.6954    0.7272    0.4827   0.04148   0.04974  0.007515
     92/99     3.32G   0.02898   0.01382  0.001687   0.04448        27       640    0.7638    0.6691    0.7271    0.4843   0.04137   0.04969  0.007488
     93/99     3.32G   0.02877   0.01367  0.001708   0.04416         7       640    0.7869    0.6534    0.7285    0.4868   0.04128   0.04967  0.007468
     94/99     3.32G   0.02872   0.01394  0.001664   0.04433         5       640    0.7845     0.658    0.7295    0.4881   0.04121   0.04964  0.007466
     95/99     3.32G   0.02858   0.01385  0.001615   0.04404        16       640    0.7812    0.6589    0.7305    0.4907   0.04114   0.04962  0.007453
     96/99     3.32G   0.02851   0.01371  0.001615   0.04383        30       640    0.7704    0.6716    0.7327    0.4925   0.04105   0.04963  0.007411
     97/99     3.32G   0.02848   0.01375  0.001576   0.04381         5       640    0.7587    0.6819    0.7324    0.4918   0.04097   0.04961  0.007363
     98/99     3.32G   0.02841   0.01365  0.001586   0.04364        30       640    0.7457    0.6935    0.7397    0.4974   0.04089   0.04962  0.007332
     99/99     3.32G   0.02853   0.01376  0.001491   0.04377        17       640    0.7604    0.6822    0.7408    0.5018   0.04083   0.04961  0.007305
